contagem_viagens,contagem_acumulada,rank,freq_acumulada
1296,1296,1,2.797867058137778
640,1936,2,4.179529802897174
623,2559,3,5.524492130998899
587,3146,4,6.791735929707908
475,3621,5,7.817188748084022
458,4079,6,8.805941149802464
387,4466,7,9.641415340774163
378,4844,8,10.45745989939768
369,5213,9,11.25407482567302
320,5533,10,11.94490619805272
320,5853,11,12.635737570432418
277,6130,12,13.233738477148593
276,6406,13,13.829580535826084
275,6681,14,14.423263746464887
270,6951,15,15.006152716910256
269,7220,16,15.58688283931694
266,7486,17,16.161136417607562
264,7750,18,16.731072299820816
264,8014,19,17.301008182034067
236,8250,20,17.810496319164095
232,8482,21,18.311349064139375
232,8714,22,18.812201809114658
230,8944,23,19.308736858012566
228,9172,24,19.800954210833098
227,9399,25,20.291012715614947
219,9618,26,20.763800436087305
215,9833,27,21.227952764404915
215,10048,28,21.692105092722525
202,10250,29,22.12819239653721
198,10448,30,22.555644308197145
194,10642,31,22.97446082770234
192,10834,32,23.388959651130158
187,11021,33,23.792664234364544
187,11208,34,24.19636881759893
185,11393,35,24.59575570475594
183,11576,36,24.99082489583558
180,11756,37,25.37941754279916
177,11933,38,25.761533645646683
175,12108,39,26.13933205241683
172,12280,40,26.510653915070918
172,12452,41,26.881975777725003
170,12622,42,27.24897994430172
169,12791,43,27.613825262839747
169,12960,44,27.97867058137778
163,13123,45,28.330562811683684
161,13284,46,28.67813734591222
160,13444,47,29.023553032102072
158,13602,48,29.364651022214545
154,13756,49,29.697113620172278
154,13910,50,30.029576218130003
151,14061,51,30.355562271971674
150,14211,52,30.67938947777466
148,14359,53,30.99889898750027
147,14506,54,31.316249649187196
146,14652,55,31.63144146283543
144,14796,56,31.942315580406294
144,14940,57,32.253189697977156
144,15084,58,32.564063815548025
142,15226,59,32.870620237041514
141,15367,60,33.17501781049632
140,15507,61,33.47725653591244
138,15645,62,33.77517756525118
138,15783,63,34.07309859458993
134,15917,64,34.36238423177392
134,16051,65,34.651669868957924
133,16184,66,34.938796658103236
133,16317,67,35.22592344724855
129,16446,68,35.504414844239115
128,16574,69,35.78074739319099
125,16699,70,36.050603398026816
123,16822,71,36.31614170678526
123,16945,72,36.581680015543704
123,17068,73,36.84721832430215
121,17189,74,37.10843893698323
121,17310,75,37.3696595496643
121,17431,76,37.63088016234537
120,17551,77,37.88994192698776
119,17670,78,38.14684484359146
118,17788,79,38.40158891215648
118,17906,80,38.65633298072149
116,18022,81,38.906759353209125
115,18137,82,39.15502687765808
114,18251,83,39.401135554068354
114,18365,84,39.64724423047862
110,18475,85,39.884717514734135
110,18585,86,40.12219079898966
109,18694,87,40.35750523520649
109,18803,88,40.59281967142333
108,18911,89,40.82597525960148
108,19019,90,41.05913084777962
106,19125,91,41.2879687398804
105,19230,92,41.514647783942486
104,19334,93,41.73916797996589
104,19438,94,41.9636881759893
103,19541,95,42.186049523974006
102,19643,96,42.40625202392004
101,19744,97,42.624295675827376
101,19845,98,42.84233932773472
100,19945,99,43.05822413160338
100,20045,100,43.274108935472036
98,20143,101,43.48567604326332
98,20241,102,43.6972431510546
98,20339,103,43.90881025884588
97,20436,104,44.118218518598475
97,20533,105,44.32762677835107
97,20630,106,44.53703503810367
96,20726,107,44.74428444981758
96,20822,108,44.95153386153149
94,20916,109,45.154465577168025
93,21009,110,45.355238444765874
93,21102,111,45.55601131236372
93,21195,112,45.75678417996157
92,21287,113,45.95539819952074
91,21378,114,46.15185337104121
91,21469,115,46.34830854256169
91,21560,116,46.544763714082166
90,21650,117,46.73906003756396
90,21740,118,46.933356361045746
89,21829,119,47.12549383648885
89,21918,120,47.317631311931954
88,22006,121,47.50760993933637
87,22093,122,47.6954297187021
86,22179,123,47.881090650029144
86,22265,124,48.066751581356186
85,22350,125,48.250253664644546
83,22433,126,48.42943805185553
83,22516,127,48.608622439066515
82,22598,128,48.78564797823881
82,22680,129,48.96267351741111
82,22762,130,49.13969905658341
82,22844,131,49.31672459575571
82,22926,132,49.49375013492801
81,23007,133,49.668616826061616
80,23087,134,49.84132466915654
80,23167,135,50.01403251225146
79,23246,136,50.184581507307705
79,23325,137,50.35513050236394
78,23403,138,50.523520649381496
77,23480,139,50.68975194836035
77,23557,140,50.85598324733922
76,23633,141,51.0200556982794
75,23708,142,51.181969301180885
75,23783,143,51.343882904082385
73,23856,144,51.5014788109065
73,23929,145,51.659074717730626
73,24002,146,51.81667062455474
72,24074,147,51.97210768334018
72,24146,148,52.1275447421256
71,24217,149,52.280822952872356
71,24288,150,52.4341011636191
71,24359,151,52.58737937436584
71,24430,152,52.74065758511258
70,24500,153,52.891776947820645
70,24570,154,53.0428963105287
70,24640,155,53.19401567323676
69,24709,156,53.34297618790613
69,24778,157,53.4919367025755
69,24847,158,53.64089721724488
68,24915,159,53.78769888387557
68,24983,160,53.93450055050625
68,25051,161,54.08130221713694
68,25119,162,54.228103883767616
67,25186,163,54.37274670235962
67,25253,164,54.51738952095162
67,25320,165,54.66203233954362
67,25387,166,54.80667515813562
66,25453,167,54.949159128688926
66,25519,168,55.09164309924225
65,25584,169,55.231968221756865
65,25649,170,55.3722933442715
65,25714,171,55.51261846678612
65,25779,172,55.652943589300754
64,25843,173,55.79110986377669
64,25907,174,55.929276138252625
64,25971,175,56.06744241272856
62,26033,176,56.20129099112714
62,26095,177,56.33513956952571
62,26157,178,56.46898814792427
62,26219,179,56.602836726322835
62,26281,180,56.736685304721405
62,26343,181,56.87053388311997
61,26404,182,57.00222361347985
60,26464,183,57.13175449580105
60,26524,184,57.26128537812223
59,26583,185,57.38865741240474
59,26642,186,57.51602944668724
59,26701,187,57.64340148096976
59,26760,188,57.77077351525226
58,26818,189,57.895986701496085
58,26876,190,58.021199887739904
58,26934,191,58.14641307398373
57,26991,192,58.26946741218886
57,27048,193,58.39252175039399
56,27104,194,58.513417240560436
56,27160,195,58.63431273072689
56,27216,196,58.75520822089333
56,27272,197,58.87610371105978
55,27327,198,58.99484035318754
55,27382,199,59.1135769953153
55,27437,200,59.232313637443056
55,27492,201,59.35105027957081
55,27547,202,59.469786921698585
55,27602,203,59.58852356382634
54,27656,204,59.70510135791541
54,27710,205,59.82167915200449
54,27764,206,59.93825694609356
54,27818,207,60.05483474018264
54,27872,208,60.17141253427172
53,27925,209,60.2858314803221
53,27978,210,60.400250426372494
53,28031,211,60.51466937242288
53,28084,212,60.629088318473265
53,28137,213,60.74350726452366
52,28189,214,60.85576736253535
52,28241,215,60.96802746054705
52,28293,216,61.08028755855875
51,28344,217,61.19038880853177
51,28395,218,61.300490058504785
50,28445,219,61.40843246043911
50,28495,220,61.51637486237343
49,28544,221,61.62215841626908
49,28593,222,61.72794197016472
49,28642,223,61.833725524060355
49,28691,224,61.939509077956004
49,28740,225,62.045292631851645
49,28789,226,62.151076185747286
49,28838,227,62.25685973964292
49,28887,228,62.36264329353857
49,28936,229,62.46842684743421
49,28985,230,62.57421040132986
48,29033,231,62.67783510718681
48,29081,232,62.78145981304376
48,29129,233,62.88508451890071
48,29177,234,62.98870922475766
48,29225,235,63.09233393061462
47,29272,236,63.19379978843289
47,29319,237,63.29526564625117
46,29365,238,63.394572656030746
46,29411,239,63.493879665810326
46,29457,240,63.593186675589905
46,29503,241,63.69249368536949
46,29549,242,63.79180069514907
45,29594,243,63.88894885688996
45,29639,244,63.98609701863086
45,29684,245,64.08324518037175
45,29729,246,64.18039334211265
45,29774,247,64.27754150385354
44,29818,248,64.37253081755576
44,29862,249,64.46752013125796
44,29906,250,64.56250944496017
44,29950,251,64.65749875866238
44,29994,252,64.75248807236459
44,30038,253,64.8474773860668
43,30081,254,64.94030785173031
43,30124,255,65.03313831739383
43,30167,256,65.12596878305736
43,30210,257,65.21879924872088
43,30253,258,65.3116297143844
43,30296,259,65.40446018004793
43,30339,260,65.49729064571144
43,30382,261,65.59012111137497
42,30424,262,65.6807927289998
41,30465,263,65.76930549858595
41,30506,264,65.85781826817211
41,30547,265,65.94633103775826
41,30588,266,66.0348438073444
41,30629,267,66.12335657693055
41,30670,268,66.21186934651669
41,30711,269,66.30038211610285
41,30752,270,66.388894885689
41,30793,271,66.47740765527514
41,30834,272,66.56592042486129
41,30875,273,66.65443319444744
40,30915,274,66.7407871159949
40,30955,275,66.82714103754238
40,30995,276,66.91349495908983
40,31035,277,66.99984888063729
40,31075,278,67.08620280218476
39,31114,279,67.17039787569354
39,31153,280,67.2545929492023
39,31192,281,67.33878802271109
39,31231,282,67.42298309621985
39,31270,283,67.50717816972863
39,31309,284,67.59137324323741
39,31348,285,67.67556831674618
38,31386,286,67.75760454221627
38,31424,287,67.83964076768636
38,31462,288,67.92167699315645
38,31500,289,68.00371321862654
38,31538,290,68.08574944409663
38,31576,291,68.16778566956671
38,31614,292,68.24982189503682
38,31652,293,68.3318581205069
37,31689,294,68.4117354979383
37,31726,295,68.4916128753697
37,31763,296,68.5714902528011
37,31800,297,68.65136763023251
37,31837,298,68.73124500766392
37,31874,299,68.81112238509532
37,31911,300,68.89099976252672
37,31948,301,68.97087713995812
37,31985,302,69.05075451738952
37,32022,303,69.13063189482092
37,32059,304,69.21050927225232
37,32096,305,69.29038664968374
36,32132,306,69.36810517907645
36,32168,307,69.44582370846916
36,32204,308,69.52354223786188
36,32240,309,69.60126076725459
36,32276,310,69.67897929664731
36,32312,311,69.75669782604002
36,32348,312,69.83441635543274
36,32384,313,69.91213488482546
36,32420,314,69.98985341421817
36,32456,315,70.06757194361089
36,32492,316,70.14529047300361
35,32527,317,70.22085015435763
35,32562,318,70.29640983571166
35,32597,319,70.3719695170657
35,32632,320,70.44752919841972
35,32667,321,70.52308887977375
35,32702,322,70.59864856112779
35,32737,323,70.67420824248181
35,32772,324,70.74976792383583
35,32807,325,70.82532760518987
35,32842,326,70.9008872865439
35,32877,327,70.97644696789793
35,32912,328,71.05200664925196
35,32947,329,71.12756633060599
34,32981,330,71.20096716392133
34,33015,331,71.27436799723668
34,33049,332,71.34776883055201
34,33083,333,71.42116966386736
34,33117,334,71.4945704971827
34,33151,335,71.56797133049805
34,33185,336,71.64137216381339
34,33219,337,71.71477299712873
34,33253,338,71.78817383044408
33,33286,339,71.85941581572072
33,33319,340,71.9306578009974
33,33352,341,72.00189978627405
33,33385,342,72.0731417715507
33,33418,343,72.14438375682735
33,33451,344,72.21562574210402
33,33484,345,72.28686772738067
33,33517,346,72.35810971265732
32,33549,347,72.42719284989529
32,33581,348,72.49627598713326
32,33613,349,72.56535912437123
32,33645,350,72.6344422616092
32,33677,351,72.70352539884718
32,33709,352,72.77260853608514
32,33741,353,72.84169167332311
32,33773,354,72.91077481056108
32,33805,355,72.97985794779905
32,33837,356,73.04894108503703
32,33869,357,73.118024222275
32,33901,358,73.18710735951296
32,33933,359,73.25619049675095
31,33964,360,73.32311478595021
31,33995,361,73.3900390751495
31,34026,362,73.45696336434878
31,34057,363,73.52388765354807
31,34088,364,73.59081194274735
31,34119,365,73.65773623194663
31,34150,366,73.7246605211459
31,34181,367,73.7915848103452
31,34212,368,73.85850909954448
31,34243,369,73.92543338874377
30,34273,370,73.99019882990436
30,34303,371,74.05496427106496
30,34333,372,74.11972971222556
30,34363,373,74.18449515338615
30,34393,374,74.24926059454675
30,34423,375,74.31402603570734
29,34452,376,74.37663262882926
29,34481,377,74.43923922195117
29,34510,378,74.50184581507308
29,34539,379,74.564452408195
29,34568,380,74.6270590013169
28,34596,381,74.68750674640012
28,34624,382,74.74795449148334
28,34652,383,74.80840223656658
28,34680,384,74.86884998164979
28,34708,385,74.92929772673301
28,34736,386,74.98974547181624
28,34764,387,75.05019321689946
28,34792,388,75.11064096198268
28,34820,389,75.17108870706592
28,34848,390,75.23153645214913
28,34876,391,75.29198419723235
27,34903,392,75.3502730942769
27,34930,393,75.40856199132143
27,34957,394,75.46685088836597
27,34984,395,75.5251397854105
27,35011,396,75.58342868245505
27,35038,397,75.64171757949958
27,35065,398,75.70000647654412
27,35092,399,75.75829537358865
27,35119,400,75.81658427063319
27,35146,401,75.87487316767772
26,35172,402,75.93100321668358
26,35198,403,75.98713326568944
26,35224,404,76.04326331469528
26,35250,405,76.09939336370113
26,35276,406,76.15552341270698
26,35302,407,76.21165346171283
26,35328,408,76.26778351071867
26,35354,409,76.32391355972453
26,35380,410,76.38004360873039
26,35406,411,76.43617365773623
25,35431,412,76.49014485870339
25,35456,413,76.54411605967056
25,35481,414,76.59808726063773
25,35506,415,76.6520584616049
25,35531,416,76.70602966257205
25,35556,417,76.76000086353922
25,35581,418,76.81397206450637
25,35606,419,76.86794326547354
25,35631,420,76.92191446644071
25,35656,421,76.97588566740788
25,35681,422,77.02985686837503
25,35706,423,77.0838280693422
24,35730,424,77.13564042227068
24,35754,425,77.18745277519915
24,35778,426,77.23926512812763
24,35802,427,77.2910774810561
24,35826,428,77.34288983398459
24,35850,429,77.39470218691307
24,35874,430,77.44651453984154
24,35898,431,77.49832689277002
24,35922,432,77.55013924569849
24,35946,433,77.60195159862697
24,35970,434,77.65376395155545
24,35994,435,77.70557630448393
24,36018,436,77.7573886574124
24,36042,437,77.80920101034087
24,36066,438,77.86101336326936
24,36090,439,77.91282571619784
24,36114,440,77.96463806912631
24,36138,441,78.01645042205479
23,36161,442,78.06610392694459
23,36184,443,78.11575743183438
23,36207,444,78.16541093672417
23,36230,445,78.21506444161396
23,36253,446,78.26471794650375
23,36276,447,78.31437145139354
23,36299,448,78.36402495628333
23,36322,449,78.41367846117312
23,36345,450,78.46333196606291
23,36368,451,78.5129854709527
23,36391,452,78.56263897584249
23,36414,453,78.61229248073228
22,36436,454,78.65978713758338
22,36458,455,78.7072817944345
22,36480,456,78.7547764512856
22,36502,457,78.80227110813671
22,36524,458,78.8497657649878
22,36546,459,78.89726042183891
22,36568,460,78.94475507869001
22,36590,461,78.99224973554112
22,36612,462,79.03974439239222
22,36634,463,79.08723904924332
22,36656,464,79.13473370609442
22,36678,465,79.18222836294552
22,36700,466,79.22972301979664
22,36722,467,79.27721767664774
22,36744,468,79.32471233349885
22,36766,469,79.37220699034995
22,36788,470,79.41970164720105
22,36810,471,79.46719630405215
22,36832,472,79.51469096090327
22,36854,473,79.56218561775437
21,36875,474,79.60752142656679
21,36896,475,79.6528572353792
21,36917,476,79.69819304419163
21,36938,477,79.74352885300404
21,36959,478,79.78886466181645
21,36980,479,79.83420047062887
21,37001,480,79.87953627944128
21,37022,481,79.92487208825371
21,37043,482,79.97020789706613
21,37064,483,80.01554370587854
21,37085,484,80.06087951469097
21,37106,485,80.10621532350338
21,37127,486,80.1515511323158
21,37148,487,80.19688694112821
21,37169,488,80.24222274994062
21,37190,489,80.28755855875305
21,37211,490,80.33289436756547
21,37232,491,80.37823017637788
21,37253,492,80.42356598519031
20,37273,493,80.46674294596403
20,37293,494,80.50991990673776
20,37313,495,80.5530968675115
20,37333,496,80.59627382828522
20,37353,497,80.63945078905896
20,37373,498,80.68262774983269
20,37393,499,80.72580471060643
20,37413,500,80.76898167138015
20,37433,501,80.81215863215388
20,37453,502,80.85533559292762
20,37473,503,80.89851255370134
20,37493,504,80.94168951447507
20,37513,505,80.98486647524881
20,37533,506,81.02804343602253
20,37553,507,81.07122039679628
20,37573,508,81.11439735757
19,37592,509,81.15541547030504
19,37611,510,81.19643358304009
19,37630,511,81.23745169577514
19,37649,512,81.27846980851018
19,37668,513,81.31948792124523
19,37687,514,81.36050603398027
19,37706,515,81.4015241467153
19,37725,516,81.44254225945036
19,37744,517,81.48356037218541
19,37763,518,81.52457848492045
19,37782,519,81.56559659765549
19,37801,520,81.60661471039053
19,37820,521,81.64763282312558
19,37839,522,81.68865093586064
19,37858,523,81.72966904859567
19,37877,524,81.77068716133071
19,37896,525,81.81170527406576
19,37915,526,81.8527233868008
19,37934,527,81.89374149953585
19,37953,528,81.9347596122709
19,37972,529,81.97577772500594
19,37991,530,82.01679583774099
19,38010,531,82.05781395047602
19,38029,532,82.09883206321106
19,38048,533,82.13985017594612
19,38067,534,82.18086828868117
18,38085,535,82.21972755337752
18,38103,536,82.25858681807388
18,38121,537,82.29744608277024
18,38139,538,82.33630534746659
18,38157,539,82.37516461216295
18,38175,540,82.4140238768593
18,38193,541,82.45288314155566
18,38211,542,82.49174240625202
18,38229,543,82.53060167094837
18,38247,544,82.56946093564474
18,38265,545,82.6083202003411
18,38283,546,82.64717946503745
18,38301,547,82.68603872973381
18,38319,548,82.72489799443017
18,38337,549,82.76375725912652
18,38355,550,82.80261652382289
18,38373,551,82.84147578851925
18,38391,552,82.8803350532156
18,38409,553,82.91919431791196
18,38427,554,82.95805358260831
18,38445,555,82.99691284730469
17,38462,556,83.03361326396235
17,38479,557,83.07031368062002
17,38496,558,83.10701409727768
17,38513,559,83.14371451393536
17,38530,560,83.18041493059305
17,38547,561,83.2171153472507
17,38564,562,83.25381576390838
17,38581,563,83.29051618056606
17,38598,564,83.32721659722372
17,38615,565,83.36391701388139
17,38632,566,83.40061743053906
17,38649,567,83.43731784719674
17,38666,568,83.4740182638544
17,38683,569,83.51071868051207
17,38700,570,83.54741909716975
17,38717,571,83.58411951382743
17,38734,572,83.62081993048508
17,38751,573,83.65752034714276
17,38768,574,83.69422076380043
17,38785,575,83.73092118045811
17,38802,576,83.76762159711578
17,38819,577,83.80432201377344
17,38836,578,83.84102243043112
17,38853,579,83.8777228470888
17,38870,580,83.91442326374646
16,38886,581,83.94896483236545
16,38902,582,83.98350640098442
16,38918,583,84.01804796960342
16,38934,584,84.0525895382224
16,38950,585,84.08713110684138
16,38966,586,84.12167267546037
16,38982,587,84.15621424407937
16,38998,588,84.19075581269834
16,39014,589,84.22529738131733
16,39030,590,84.25983894993632
16,39046,591,84.2943805185553
16,39062,592,84.32892208717429
16,39078,593,84.36346365579327
16,39094,594,84.39800522441226
16,39110,595,84.43254679303124
16,39126,596,84.46708836165023
16,39142,597,84.5016299302692
16,39158,598,84.5361714988882
16,39174,599,84.57071306750717
16,39190,600,84.60525463612616
16,39206,601,84.63979620474514
16,39222,602,84.67433777336413
16,39238,603,84.70887934198312
16,39254,604,84.74342091060211
16,39270,605,84.77796247922109
16,39286,606,84.81250404784008
16,39302,607,84.84704561645906
16,39318,608,84.88158718507805
16,39334,609,84.91612875369702
16,39350,610,84.95067032231601
16,39366,611,84.98521189093499
16,39382,612,85.01975345955398
15,39397,613,85.05213618013428
15,39412,614,85.08451890071458
15,39427,615,85.11690162129489
15,39442,616,85.14928434187517
15,39457,617,85.18166706245547
15,39472,618,85.21404978303578
15,39487,619,85.24643250361606
15,39502,620,85.27881522419636
15,39517,621,85.31119794477667
15,39532,622,85.34358066535697
15,39547,623,85.37596338593725
15,39562,624,85.40834610651757
15,39577,625,85.44072882709786
15,39592,626,85.47311154767816
15,39607,627,85.50549426825846
15,39622,628,85.53787698883876
15,39637,629,85.57025970941905
15,39652,630,85.60264242999935
15,39667,631,85.63502515057965
15,39682,632,85.66740787115995
15,39697,633,85.69979059174024
15,39712,634,85.73217331232055
15,39727,635,85.76455603290084
15,39742,636,85.79693875348114
14,39756,637,85.82716262602275
14,39770,638,85.85738649856437
14,39784,639,85.88761037110598
14,39798,640,85.91783424364759
14,39812,641,85.9480581161892
14,39826,642,85.97828198873081
14,39840,643,86.00850586127243
14,39854,644,86.03872973381404
14,39868,645,86.06895360635565
14,39882,646,86.09917747889726
14,39896,647,86.12940135143887
14,39910,648,86.15962522398048
14,39924,649,86.1898490965221
14,39938,650,86.22007296906371
14,39952,651,86.25029684160532
14,39966,652,86.28052071414693
14,39980,653,86.31074458668854
14,39994,654,86.34096845923015
14,40008,655,86.37119233177177
14,40022,656,86.40141620431338
14,40036,657,86.43164007685499
14,40050,658,86.4618639493966
14,40064,659,86.49208782193821
14,40078,660,86.52231169447982
14,40092,661,86.55253556702144
14,40106,662,86.58275943956305
14,40120,663,86.61298331210466
14,40134,664,86.64320718464627
14,40148,665,86.67343105718788
14,40162,666,86.7036549297295
14,40176,667,86.73387880227111
14,40190,668,86.76410267481272
13,40203,669,86.79216769931564
13,40216,670,86.82023272381856
13,40229,671,86.84829774832149
13,40242,672,86.87636277282442
13,40255,673,86.90442779732734
13,40268,674,86.93249282183028
13,40281,675,86.9605578463332
13,40294,676,86.98862287083612
13,40307,677,87.01668789533905
13,40320,678,87.04475291984197
13,40333,679,87.07281794434489
13,40346,680,87.10088296884783
13,40359,681,87.12894799335075
13,40372,682,87.15701301785367
13,40385,683,87.1850780423566
13,40398,684,87.21314306685952
13,40411,685,87.24120809136245
13,40424,686,87.26927311586537
13,40437,687,87.2973381403683
13,40450,688,87.32540316487123
13,40463,689,87.35346818937415
13,40476,690,87.38153321387708
13,40489,691,87.40959823838
13,40502,692,87.43766326288292
13,40515,693,87.46572828738584
13,40528,694,87.49379331188878
13,40541,695,87.5218583363917
13,40554,696,87.54992336089462
13,40567,697,87.57798838539756
13,40580,698,87.60605340990047
13,40593,699,87.6341184344034
13,40606,700,87.66218345890633
13,40619,701,87.69024848340925
13,40632,702,87.71831350791219
13,40645,703,87.74637853241511
13,40658,704,87.77444355691803
12,40670,705,87.80034973338226
12,40682,706,87.82625590984651
12,40694,707,87.85216208631074
12,40706,708,87.87806826277499
12,40718,709,87.90397443923922
12,40730,710,87.92988061570345
12,40742,711,87.9557867921677
12,40754,712,87.98169296863195
12,40766,713,88.00759914509617
12,40778,714,88.03350532156041
12,40790,715,88.05941149802466
12,40802,716,88.08531767448889
12,40814,717,88.11122385095314
12,40826,718,88.13713002741737
12,40838,719,88.1630362038816
12,40850,720,88.18894238034585
12,40862,721,88.21484855681008
12,40874,722,88.24075473327433
12,40886,723,88.26666090973856
12,40898,724,88.2925670862028
12,40910,725,88.31847326266704
12,40922,726,88.34437943913129
12,40934,727,88.37028561559552
12,40946,728,88.39619179205975
12,40958,729,88.422097968524
12,40970,730,88.44800414498823
12,40982,731,88.47391032145248
12,40994,732,88.49981649791671
12,41006,733,88.52572267438094
12,41018,734,88.55162885084519
12,41030,735,88.57753502730942
12,41042,736,88.60344120377367
12,41054,737,88.62934738023792
12,41066,738,88.65525355670214
12,41078,739,88.68115973316638
12,41090,740,88.70706590963063
12,41102,741,88.73297208609486
11,41113,742,88.75671941452042
11,41124,743,88.78046674294596
11,41135,744,88.80421407137152
11,41146,745,88.82796139979708
11,41157,746,88.85170872822262
11,41168,747,88.87545605664818
11,41179,748,88.89920338507372
11,41190,749,88.92295071349928
11,41201,750,88.94669804192483
11,41212,751,88.97044537035038
11,41223,752,88.99419269877593
11,41234,753,89.01794002720148
11,41245,754,89.04168735562705
11,41256,755,89.06543468405259
11,41267,756,89.08918201247815
11,41278,757,89.11292934090369
11,41289,758,89.13667666932925
11,41300,759,89.1604239977548
11,41311,760,89.18417132618035
11,41322,761,89.2079186546059
11,41333,762,89.23166598303145
11,41344,763,89.255413311457
11,41355,764,89.27916063988256
11,41366,765,89.3029079683081
11,41377,766,89.32665529673366
11,41388,767,89.35040262515922
11,41399,768,89.37414995358478
11,41410,769,89.39789728201032
11,41421,770,89.42164461043586
11,41432,771,89.44539193886142
11,41443,772,89.46913926728698
11,41454,773,89.49288659571253
11,41465,774,89.51663392413808
11,41476,775,89.54038125256363
11,41487,776,89.56412858098919
11,41498,777,89.58787590941473
11,41509,778,89.61162323784029
11,41520,779,89.63537056626583
11,41531,780,89.65911789469139
11,41542,781,89.68286522311695
11,41553,782,89.70661255154249
11,41564,783,89.73035987996805
11,41575,784,89.75410720839359
11,41586,785,89.77785453681916
11,41597,786,89.8016018652447
11,41608,787,89.82534919367026
11,41619,788,89.8490965220958
11,41630,789,89.87284385052136
11,41641,790,89.89659117894692
11,41652,791,89.92033850737246
10,41662,792,89.94192698775933
10,41672,793,89.9635154681462
10,41682,794,89.98510394853307
10,41692,795,90.00669242891993
10,41702,796,90.02828090930679
10,41712,797,90.04986938969365
10,41722,798,90.07145787008054
10,41732,799,90.09304635046739
10,41742,800,90.11463483085426
10,41752,801,90.13622331124112
10,41762,802,90.15781179162798
10,41772,803,90.17940027201486
10,41782,804,90.20098875240173
10,41792,805,90.22257723278858
10,41802,806,90.24416571317545
10,41812,807,90.26575419356232
10,41822,808,90.28734267394918
10,41832,809,90.30893115433605
10,41842,810,90.33051963472292
10,41852,811,90.35210811510977
10,41862,812,90.37369659549664
10,41872,813,90.3952850758835
10,41882,814,90.41687355627037
10,41892,815,90.43846203665724
10,41902,816,90.46005051704411
10,41912,817,90.48163899743096
10,41922,818,90.50322747781784
10,41932,819,90.52481595820471
10,41942,820,90.54640443859157
10,41952,821,90.56799291897843
10,41962,822,90.58958139936529
10,41972,823,90.61116987975217
10,41982,824,90.63275836013904
10,41992,825,90.65434684052589
10,42002,826,90.67593532091276
10,42012,827,90.69752380129962
10,42022,828,90.71911228168649
10,42032,829,90.74070076207336
10,42042,830,90.76228924246023
10,42052,831,90.78387772284708
10,42062,832,90.80546620323395
10,42072,833,90.82705468362082
10,42082,834,90.84864316400768
10,42092,835,90.87023164439455
10,42102,836,90.89182012478142
10,42112,837,90.91340860516827
10,42122,838,90.93499708555515
10,42132,839,90.95658556594202
10,42142,840,90.97817404632887
10,42152,841,90.99976252671574
10,42162,842,91.02135100710261
10,42172,843,91.04293948748948
10,42182,844,91.06452796787634
10,42192,845,91.08611644826321
10,42202,846,91.10770492865007
10,42212,847,91.12929340903693
10,42222,848,91.1508818894238
9,42231,849,91.17031152177198
9,42240,850,91.18974115412016
9,42249,851,91.20917078646833
9,42258,852,91.22860041881651
9,42267,853,91.24803005116469
9,42276,854,91.26745968351287
9,42285,855,91.28688931586105
9,42294,856,91.30631894820922
9,42303,857,91.32574858055742
9,42312,858,91.3451782129056
9,42321,859,91.36460784525377
9,42330,860,91.38403747760195
9,42339,861,91.40346710995013
9,42348,862,91.4228967422983
9,42357,863,91.44232637464648
9,42366,864,91.46175600699466
9,42375,865,91.48118563934284
9,42384,866,91.50061527169102
9,42393,867,91.5200449040392
9,42402,868,91.53947453638739
9,42411,869,91.55890416873557
9,42420,870,91.57833380108374
9,42429,871,91.59776343343192
9,42438,872,91.6171930657801
9,42447,873,91.63662269812828
9,42456,874,91.65605233047646
9,42465,875,91.67548196282463
9,42474,876,91.69491159517281
9,42483,877,91.71434122752099
9,42492,878,91.73377085986918
9,42501,879,91.75320049221736
9,42510,880,91.77263012456554
9,42519,881,91.79205975691372
9,42528,882,91.8114893892619
9,42537,883,91.83091902161007
9,42546,884,91.85034865395825
9,42555,885,91.86977828630643
9,42564,886,91.8892079186546
9,42573,887,91.90863755100278
9,42582,888,91.92806718335096
9,42591,889,91.94749681569915
9,42600,890,91.96692644804733
9,42609,891,91.98635608039551
9,42618,892,92.00578571274369
9,42627,893,92.02521534509187
9,42636,894,92.04464497744004
9,42645,895,92.06407460978822
9,42654,896,92.0835042421364
8,42662,897,92.10077502644589
8,42670,898,92.11804581075538
8,42678,899,92.13531659506488
8,42686,900,92.15258737937437
8,42694,901,92.16985816368386
8,42702,902,92.18712894799334
8,42710,903,92.20439973230285
8,42718,904,92.22167051661233
8,42726,905,92.23894130092182
8,42734,906,92.25621208523133
8,42742,907,92.27348286954081
8,42750,908,92.29075365385032
8,42758,909,92.30802443815979
8,42766,910,92.3252952224693
8,42774,911,92.34256600677878
8,42782,912,92.35983679108828
8,42790,913,92.37710757539776
8,42798,914,92.39437835970726
8,42806,915,92.41164914401675
8,42814,916,92.42891992832625
8,42822,917,92.44619071263574
8,42830,918,92.46346149694523
8,42838,919,92.48073228125472
8,42846,920,92.49800306556422
8,42854,921,92.51527384987371
8,42862,922,92.5325446341832
8,42870,923,92.54981541849268
8,42878,924,92.56708620280219
8,42886,925,92.58435698711168
8,42894,926,92.60162777142116
8,42902,927,92.61889855573067
8,42910,928,92.63616934004015
8,42918,929,92.65344012434966
8,42926,930,92.67071090865913
8,42934,931,92.68798169296863
8,42942,932,92.70525247727812
8,42950,933,92.72252326158763
8,42958,934,92.7397940458971
8,42966,935,92.7570648302066
8,42974,936,92.77433561451609
8,42982,937,92.79160639882559
8,42990,938,92.80887718313508
8,42998,939,92.82614796744457
8,43006,940,92.84341875175406
8,43014,941,92.86068953606356
8,43022,942,92.87796032037305
8,43030,943,92.89523110468254
8,43038,944,92.91250188899204
8,43046,945,92.92977267330153
8,43054,946,92.94704345761102
8,43062,947,92.9643142419205
8,43070,948,92.98158502623001
8,43078,949,92.9988558105395
8,43086,950,93.016126594849
8,43094,951,93.03339737915847
8,43102,952,93.05066816346798
8,43110,953,93.06793894777746
8,43118,954,93.08520973208697
8,43126,955,93.10248051639644
8,43134,956,93.11975130070594
8,43142,957,93.13702208501543
8,43150,958,93.15429286932493
8,43158,959,93.17156365363442
8,43166,960,93.18883443794391
8,43174,961,93.20610522225341
8,43182,962,93.2233760065629
8,43190,963,93.24064679087239
8,43198,964,93.25791757518188
7,43205,965,93.27302951145269
7,43212,966,93.28814144772349
7,43219,967,93.3032533839943
7,43226,968,93.3183653202651
7,43233,969,93.33347725653591
7,43240,970,93.34858919280671
7,43247,971,93.36370112907753
7,43254,972,93.37881306534833
7,43261,973,93.39392500161914
7,43268,974,93.40903693788995
7,43275,975,93.42414887416075
7,43282,976,93.43926081043156
7,43289,977,93.45437274670236
7,43296,978,93.46948468297317
7,43303,979,93.48459661924397
7,43310,980,93.49970855551479
7,43317,981,93.51482049178558
7,43324,982,93.52993242805638
7,43331,983,93.5450443643272
7,43338,984,93.560156300598
7,43345,985,93.57526823686881
7,43352,986,93.59038017313961
7,43359,987,93.60549210941042
7,43366,988,93.62060404568122
7,43373,989,93.63571598195203
7,43380,990,93.65082791822283
7,43387,991,93.66593985449364
7,43394,992,93.68105179076444
7,43401,993,93.69616372703526
7,43408,994,93.71127566330605
7,43415,995,93.72638759957687
7,43422,996,93.74149953584767
7,43429,997,93.75661147211848
7,43436,998,93.77172340838928
7,43443,999,93.78683534466009
7,43450,1000,93.8019472809309
7,43457,1001,93.8170592172017
7,43464,1002,93.83217115347252
7,43471,1003,93.84728308974331
7,43478,1004,93.86239502601413
7,43485,1005,93.87750696228493
7,43492,1006,93.89261889855574
7,43499,1007,93.90773083482654
7,43506,1008,93.92284277109735
7,43513,1009,93.93795470736815
7,43520,1010,93.95306664363895
7,43527,1011,93.96817857990976
7,43534,1012,93.98329051618056
7,43541,1013,93.99840245245137
7,43548,1014,94.01351438872217
7,43555,1015,94.02862632499298
7,43562,1016,94.04373826126378
7,43569,1017,94.0588501975346
7,43576,1018,94.0739621338054
7,43583,1019,94.08907407007621
7,43590,1020,94.104186006347
7,43597,1021,94.11929794261782
7,43604,1022,94.13440987888862
7,43611,1023,94.14952181515943
7,43618,1024,94.16463375143024
7,43625,1025,94.17974568770104
7,43632,1026,94.19485762397186
7,43639,1027,94.20996956024266
7,43646,1028,94.22508149651347
7,43653,1029,94.24019343278427
7,43660,1030,94.25530536905508
7,43667,1031,94.27041730532588
7,43674,1032,94.28552924159669
7,43681,1033,94.30064117786749
7,43688,1034,94.3157531141383
7,43695,1035,94.3308650504091
7,43702,1036,94.3459769866799
7,43709,1037,94.36108892295071
7,43716,1038,94.37620085922151
7,43723,1039,94.39131279549233
7,43730,1040,94.40642473176312
7,43737,1041,94.42153666803394
7,43744,1042,94.43664860430474
7,43751,1043,94.45176054057555
7,43758,1044,94.46687247684635
7,43765,1045,94.48198441311716
7,43772,1046,94.49709634938796
7,43779,1047,94.51220828565877
7,43786,1048,94.52732022192959
7,43793,1049,94.54243215820038
6,43799,1050,94.5553852464325
6,43805,1051,94.56833833466463
6,43811,1052,94.58129142289674
6,43817,1053,94.59424451112886
6,43823,1054,94.60719759936099
6,43829,1055,94.6201506875931
6,43835,1056,94.63310377582522
6,43841,1057,94.64605686405734
6,43847,1058,94.65900995228947
6,43853,1059,94.67196304052158
6,43859,1060,94.6849161287537
6,43865,1061,94.69786921698582
6,43871,1062,94.71082230521793
6,43877,1063,94.72377539345005
6,43883,1064,94.73672848168218
6,43889,1065,94.74968156991429
6,43895,1066,94.76263465814641
6,43901,1067,94.77558774637853
6,43907,1068,94.78854083461066
6,43913,1069,94.80149392284277
6,43919,1070,94.81444701107489
6,43925,1071,94.82740009930701
6,43931,1072,94.84035318753912
6,43937,1073,94.85330627577125
6,43943,1074,94.86625936400337
6,43949,1075,94.87921245223548
6,43955,1076,94.89216554046762
6,43961,1077,94.90511862869973
6,43967,1078,94.91807171693183
6,43973,1079,94.93102480516397
6,43979,1080,94.94397789339608
6,43985,1081,94.9569309816282
6,43991,1082,94.96988406986033
6,43997,1083,94.98283715809244
6,44003,1084,94.99579024632456
6,44009,1085,95.00874333455668
6,44015,1086,95.0216964227888
6,44021,1087,95.03464951102092
6,44027,1088,95.04760259925304
6,44033,1089,95.06055568748516
6,44039,1090,95.07350877571727
6,44045,1091,95.0864618639494
6,44051,1092,95.09941495218152
6,44057,1093,95.11236804041363
6,44063,1094,95.12532112864575
6,44069,1095,95.13827421687787
6,44075,1096,95.15122730511
6,44081,1097,95.16418039334211
6,44087,1098,95.17713348157423
6,44093,1099,95.19008656980635
6,44099,1100,95.20303965803846
6,44105,1101,95.2159927462706
6,44111,1102,95.22894583450271
6,44117,1103,95.24189892273482
6,44123,1104,95.25485201096696
6,44129,1105,95.26780509919907
6,44135,1106,95.28075818743119
6,44141,1107,95.29371127566331
6,44147,1108,95.30666436389542
6,44153,1109,95.31961745212755
6,44159,1110,95.33257054035967
6,44165,1111,95.34552362859179
6,44171,1112,95.3584767168239
6,44177,1113,95.37142980505602
6,44183,1114,95.38438289328815
6,44189,1115,95.39733598152026
6,44195,1116,95.41028906975238
6,44201,1117,95.4232421579845
6,44207,1118,95.43619524621661
6,44213,1119,95.44914833444874
6,44219,1120,95.46210142268086
6,44225,1121,95.47505451091298
6,44231,1122,95.48800759914509
6,44237,1123,95.50096068737722
6,44243,1124,95.51391377560934
6,44249,1125,95.52686686384145
6,44255,1126,95.53981995207357
6,44261,1127,95.5527730403057
6,44267,1128,95.5657261285378
6,44273,1129,95.57867921676994
6,44279,1130,95.59163230500205
6,44285,1131,95.60458539323416
5,44290,1132,95.6153796334276
5,44295,1133,95.62617387362103
5,44300,1134,95.63696811381448
5,44305,1135,95.64776235400791
5,44310,1136,95.65855659420134
5,44315,1137,95.66935083439476
5,44320,1138,95.6801450745882
5,44325,1139,95.69093931478163
5,44330,1140,95.70173355497506
5,44335,1141,95.7125277951685
5,44340,1142,95.72332203536193
5,44345,1143,95.73411627555537
5,44350,1144,95.7449105157488
5,44355,1145,95.75570475594223
5,44360,1146,95.76649899613567
5,44365,1147,95.7772932363291
5,44370,1148,95.78808747652253
5,44375,1149,95.79888171671595
5,44380,1150,95.80967595690939
5,44385,1151,95.82047019710282
5,44390,1152,95.83126443729626
5,44395,1153,95.84205867748969
5,44400,1154,95.85285291768312
5,44405,1155,95.86364715787656
5,44410,1156,95.87444139806999
5,44415,1157,95.88523563826342
5,44420,1158,95.89602987845686
5,44425,1159,95.90682411865029
5,44430,1160,95.91761835884373
5,44435,1161,95.92841259903715
5,44440,1162,95.93920683923058
5,44445,1163,95.95000107942401
5,44450,1164,95.96079531961746
5,44455,1165,95.9715895598109
5,44460,1166,95.98238380000433
5,44465,1167,95.99317804019775
5,44470,1168,96.00397228039118
5,44475,1169,96.01476652058462
5,44480,1170,96.02556076077805
5,44485,1171,96.03635500097148
5,44490,1172,96.04714924116492
5,44495,1173,96.05794348135834
5,44500,1174,96.06873772155178
5,44505,1175,96.07953196174522
5,44510,1176,96.09032620193865
5,44515,1177,96.10112044213209
5,44520,1178,96.11191468232552
5,44525,1179,96.12270892251894
5,44530,1180,96.13350316271237
5,44535,1181,96.1442974029058
5,44540,1182,96.15509164309924
5,44545,1183,96.16588588329267
5,44550,1184,96.17668012348611
5,44555,1185,96.18747436367954
5,44560,1186,96.19826860387298
5,44565,1187,96.20906284406641
5,44570,1188,96.21985708425984
5,44575,1189,96.23065132445328
5,44580,1190,96.2414455646467
5,44585,1191,96.25223980484013
5,44590,1192,96.26303404503356
5,44595,1193,96.273828285227
5,44600,1194,96.28462252542043
5,44605,1195,96.29541676561388
5,44610,1196,96.3062110058073
5,44615,1197,96.31700524600073
5,44620,1198,96.32779948619417
5,44625,1199,96.3385937263876
5,44630,1200,96.34938796658103
5,44635,1201,96.36018220677447
5,44640,1202,96.37097644696789
5,44645,1203,96.38177068716132
5,44650,1204,96.39256492735477
5,44655,1205,96.4033591675482
5,44660,1206,96.41415340774164
5,44665,1207,96.42494764793507
5,44670,1208,96.43574188812849
5,44675,1209,96.44653612832192
5,44680,1210,96.45733036851536
5,44685,1211,96.46812460870879
5,44690,1212,96.47891884890223
5,44695,1213,96.48971308909566
5,44700,1214,96.50050732928909
5,44705,1215,96.51130156948253
5,44710,1216,96.52209580967596
5,44715,1217,96.5328900498694
5,44720,1218,96.54368429006283
5,44725,1219,96.55447853025626
5,44730,1220,96.56527277044968
5,44735,1221,96.57606701064311
5,44740,1222,96.58686125083655
5,44745,1223,96.59765549102998
5,44750,1224,96.60844973122342
5,44755,1225,96.61924397141686
5,44760,1226,96.63003821161028
5,44765,1227,96.64083245180372
5,44770,1228,96.65162669199715
5,44775,1229,96.66242093219059
5,44780,1230,96.67321517238402
5,44785,1231,96.68400941257745
5,44790,1232,96.69480365277087
5,44795,1233,96.7055978929643
5,44800,1234,96.71639213315774
5,44805,1235,96.72718637335119
5,44810,1236,96.73798061354462
5,44815,1237,96.74877485373804
5,44820,1238,96.75956909393147
5,44825,1239,96.77036333412491
5,44830,1240,96.78115757431834
4,44834,1241,96.78979296647309
4,44838,1242,96.79842835862785
4,44842,1243,96.80706375078259
4,44846,1244,96.81569914293733
4,44850,1245,96.82433453509208
4,44854,1246,96.83296992724682
4,44858,1247,96.84160531940157
4,44862,1248,96.85024071155631
4,44866,1249,96.85887610371105
4,44870,1250,96.86751149586581
4,44874,1251,96.87614688802056
4,44878,1252,96.8847822801753
4,44882,1253,96.89341767233005
4,44886,1254,96.90205306448479
4,44890,1255,96.91068845663953
4,44894,1256,96.91932384879428
4,44898,1257,96.92795924094902
4,44902,1258,96.93659463310378
4,44906,1259,96.94523002525852
4,44910,1260,96.95386541741327
4,44914,1261,96.96250080956801
4,44918,1262,96.97113620172276
4,44922,1263,96.9797715938775
4,44926,1264,96.98840698603225
4,44930,1265,96.997042378187
4,44934,1266,97.00567777034175
4,44938,1267,97.01431316249649
4,44942,1268,97.02294855465124
4,44946,1269,97.031583946806
4,44950,1270,97.04021933896072
4,44954,1271,97.04885473111547
4,44958,1272,97.05749012327021
4,44962,1273,97.06612551542497
4,44966,1274,97.07476090757972
4,44970,1275,97.08339629973446
4,44974,1276,97.09203169188922
4,44978,1277,97.10066708404396
4,44982,1278,97.1093024761987
4,44986,1279,97.11793786835344
4,44990,1280,97.1265732605082
4,44994,1281,97.13520865266294
4,44998,1282,97.14384404481768
4,45002,1283,97.15247943697243
4,45006,1284,97.16111482912719
4,45010,1285,97.16975022128193
4,45014,1286,97.17838561343667
4,45018,1287,97.18702100559142
4,45022,1288,97.19565639774616
4,45026,1289,97.2042917899009
4,45030,1290,97.21292718205565
4,45034,1291,97.2215625742104
4,45038,1292,97.23019796636515
4,45042,1293,97.2388333585199
4,45046,1294,97.24746875067464
4,45050,1295,97.25610414282939
4,45054,1296,97.26473953498413
4,45058,1297,97.27337492713887
4,45062,1298,97.28201031929362
4,45066,1299,97.29064571144838
4,45070,1300,97.29928110360312
4,45074,1301,97.30791649575787
4,45078,1302,97.31655188791261
4,45082,1303,97.32518728006735
4,45086,1304,97.3338226722221
4,45090,1305,97.34245806437684
4,45094,1306,97.35109345653159
4,45098,1307,97.35972884868634
4,45102,1308,97.36836424084109
4,45106,1309,97.37699963299583
4,45110,1310,97.38563502515058
4,45114,1311,97.39427041730534
4,45118,1312,97.40290580946007
4,45122,1313,97.41154120161481
4,45126,1314,97.42017659376957
4,45130,1315,97.42881198592431
4,45134,1316,97.43744737807906
4,45138,1317,97.4460827702338
4,45142,1318,97.45471816238856
4,45146,1319,97.4633535545433
4,45150,1320,97.47198894669805
4,45154,1321,97.48062433885278
4,45158,1322,97.48925973100754
4,45162,1323,97.49789512316228
4,45166,1324,97.50653051531702
4,45170,1325,97.51516590747177
4,45174,1326,97.52380129962653
4,45178,1327,97.53243669178127
4,45182,1328,97.54107208393602
4,45186,1329,97.54970747609076
4,45190,1330,97.5583428682455
4,45194,1331,97.56697826040025
4,45198,1332,97.57561365255499
4,45202,1333,97.58424904470975
4,45206,1334,97.5928844368645
4,45210,1335,97.60151982901924
4,45214,1336,97.61015522117398
4,45218,1337,97.61879061332873
4,45222,1338,97.62742600548347
4,45226,1339,97.63606139763822
4,45230,1340,97.64469678979296
4,45234,1341,97.65333218194772
4,45238,1342,97.66196757410246
4,45242,1343,97.6706029662572
4,45246,1344,97.67923835841195
4,45250,1345,97.6878737505667
4,45254,1346,97.69650914272144
4,45258,1347,97.70514453487618
4,45262,1348,97.71377992703094
4,45266,1349,97.72241531918569
4,45270,1350,97.73105071134043
4,45274,1351,97.73968610349517
4,45278,1352,97.74832149564993
4,45282,1353,97.75695688780466
4,45286,1354,97.7655922799594
4,45290,1355,97.77422767211415
4,45294,1356,97.78286306426891
4,45298,1357,97.79149845642365
4,45302,1358,97.8001338485784
4,45306,1359,97.80876924073314
4,45310,1360,97.8174046328879
4,45314,1361,97.82604002504264
4,45318,1362,97.83467541719737
4,45322,1363,97.84331080935212
4,45326,1364,97.85194620150688
4,45330,1365,97.86058159366162
3,45333,1366,97.86705813777769
3,45336,1367,97.87353468189373
3,45339,1368,97.8800112260098
3,45342,1369,97.88648777012587
3,45345,1370,97.89296431424192
3,45348,1371,97.89944085835798
3,45351,1372,97.90591740247405
3,45354,1373,97.9123939465901
3,45357,1374,97.91887049070615
3,45360,1375,97.92534703482222
3,45363,1376,97.93182357893828
3,45366,1377,97.93830012305433
3,45369,1378,97.9447766671704
3,45372,1379,97.95125321128646
3,45375,1380,97.95772975540251
3,45378,1381,97.96420629951858
3,45381,1382,97.97068284363463
3,45384,1383,97.9771593877507
3,45387,1384,97.98363593186676
3,45390,1385,97.99011247598281
3,45393,1386,97.99658902009888
3,45396,1387,98.00306556421494
3,45399,1388,98.00954210833099
3,45402,1389,98.01601865244706
3,45405,1390,98.02249519656311
3,45408,1391,98.02897174067917
3,45411,1392,98.03544828479524
3,45414,1393,98.04192482891129
3,45417,1394,98.04840137302735
3,45420,1395,98.05487791714341
3,45423,1396,98.06135446125947
3,45426,1397,98.06783100537552
3,45429,1398,98.07430754949159
3,45432,1399,98.08078409360765
3,45435,1400,98.0872606377237
3,45438,1401,98.09373718183977
3,45441,1402,98.10021372595583
3,45444,1403,98.1066902700719
3,45447,1404,98.11316681418795
3,45450,1405,98.119643358304
3,45453,1406,98.12611990242007
3,45456,1407,98.13259644653613
3,45459,1408,98.13907299065218
3,45462,1409,98.14554953476825
3,45465,1410,98.1520260788843
3,45468,1411,98.15850262300036
3,45471,1412,98.16497916711643
3,45474,1413,98.1714557112325
3,45477,1414,98.17793225534854
3,45480,1415,98.1844087994646
3,45483,1416,98.19088534358067
3,45486,1417,98.19736188769672
3,45489,1418,98.20383843181278
3,45492,1419,98.21031497592885
3,45495,1420,98.2167915200449
3,45498,1421,98.22326806416096
3,45501,1422,98.22974460827703
3,45504,1423,98.23622115239309
3,45507,1424,98.24269769650914
3,45510,1425,98.24917424062521
3,45513,1426,98.25565078474126
3,45516,1427,98.26212732885732
3,45519,1428,98.26860387297339
3,45522,1429,98.27508041708944
3,45525,1430,98.2815569612055
3,45528,1431,98.28803350532156
3,45531,1432,98.29451004943762
3,45534,1433,98.30098659355369
3,45537,1434,98.30746313766974
3,45540,1435,98.3139396817858
3,45543,1436,98.32041622590187
3,45546,1437,98.32689277001792
3,45549,1438,98.33336931413398
3,45552,1439,98.33984585825004
3,45555,1440,98.3463224023661
3,45558,1441,98.35279894648215
3,45561,1442,98.35927549059822
3,45564,1443,98.36575203471428
3,45567,1444,98.37222857883033
3,45570,1445,98.3787051229464
3,45573,1446,98.38518166706245
3,45576,1447,98.39165821117851
3,45579,1448,98.39813475529458
3,45582,1449,98.40461129941063
3,45585,1450,98.41108784352669
3,45588,1451,98.41756438764276
3,45591,1452,98.42404093175881
3,45594,1453,98.43051747587486
3,45597,1454,98.43699401999093
3,45600,1455,98.44347056410699
3,45603,1456,98.44994710822306
3,45606,1457,98.45642365233911
3,45609,1458,98.46290019645517
3,45612,1459,98.46937674057124
3,45615,1460,98.47585328468729
3,45618,1461,98.48232982880334
3,45621,1462,98.48880637291941
3,45624,1463,98.49528291703547
3,45627,1464,98.50175946115152
3,45630,1465,98.50823600526759
3,45633,1466,98.51471254938366
3,45636,1467,98.5211890934997
3,45639,1468,98.52766563761577
3,45642,1469,98.53414218173184
3,45645,1470,98.54061872584788
3,45648,1471,98.54709526996395
3,45651,1472,98.55357181408002
3,45654,1473,98.56004835819606
3,45657,1474,98.56652490231212
3,45660,1475,98.5730014464282
3,45663,1476,98.57947799054425
3,45666,1477,98.5859545346603
3,45669,1478,98.59243107877637
3,45672,1479,98.59890762289243
3,45675,1480,98.60538416700848
3,45678,1481,98.61186071112455
3,45681,1482,98.6183372552406
3,45684,1483,98.62481379935666
3,45687,1484,98.63129034347273
3,45690,1485,98.63776688758878
3,45693,1486,98.64424343170485
3,45696,1487,98.6507199758209
3,45699,1488,98.65719651993696
3,45702,1489,98.66367306405303
3,45705,1490,98.67014960816908
3,45708,1491,98.67662615228514
3,45711,1492,98.6831026964012
3,45714,1493,98.68957924051726
3,45717,1494,98.69605578463332
2,45719,1495,98.7003734807107
2,45721,1496,98.70469117678806
2,45723,1497,98.70900887286544
2,45725,1498,98.71332656894282
2,45727,1499,98.71764426502018
2,45729,1500,98.72196196109756
2,45731,1501,98.72627965717493
2,45733,1502,98.7305973532523
2,45735,1503,98.73491504932967
2,45737,1504,98.73923274540705
2,45739,1505,98.74355044148443
2,45741,1506,98.7478681375618
2,45743,1507,98.75218583363917
2,45745,1508,98.75650352971654
2,45747,1509,98.76082122579392
2,45749,1510,98.76513892187128
2,45751,1511,98.76945661794866
2,45753,1512,98.77377431402603
2,45755,1513,98.7780920101034
2,45757,1514,98.78240970618079
2,45759,1515,98.78672740225815
2,45761,1516,98.79104509833553
2,45763,1517,98.7953627944129
2,45765,1518,98.79968049049027
2,45767,1519,98.80399818656764
2,45769,1520,98.80831588264502
2,45771,1521,98.8126335787224
2,45773,1522,98.81695127479976
2,45775,1523,98.82126897087714
2,45777,1524,98.82558666695451
2,45779,1525,98.82990436303189
2,45781,1526,98.83422205910925
2,45783,1527,98.83853975518663
2,45785,1528,98.84285745126401
2,45787,1529,98.84717514734137
2,45789,1530,98.85149284341875
2,45791,1531,98.85581053949612
2,45793,1532,98.8601282355735
2,45795,1533,98.86444593165086
2,45797,1534,98.86876362772824
2,45799,1535,98.87308132380562
2,45801,1536,98.877399019883
2,45803,1537,98.88171671596037
2,45805,1538,98.88603441203773
2,45807,1539,98.89035210811511
2,45809,1540,98.89466980419247
2,45811,1541,98.89898750026985
2,45813,1542,98.90330519634722
2,45815,1543,98.90762289242461
2,45817,1544,98.91194058850198
2,45819,1545,98.91625828457936
2,45821,1546,98.92057598065672
2,45823,1547,98.92489367673409
2,45825,1548,98.92921137281147
2,45827,1549,98.93352906888883
2,45829,1550,98.93784676496621
2,45831,1551,98.94216446104359
2,45833,1552,98.94648215712097
2,45835,1553,98.95079985319833
2,45837,1554,98.95511754927571
2,45839,1555,98.95943524535308
2,45841,1556,98.96375294143044
2,45843,1557,98.96807063750782
2,45845,1558,98.9723883335852
2,45847,1559,98.97670602966258
2,45849,1560,98.98102372573995
2,45851,1561,98.98534142181732
2,45853,1562,98.98965911789469
2,45855,1563,98.99397681397207
2,45857,1564,98.99829451004943
2,45859,1565,99.0026122061268
2,45861,1566,99.00692990220419
2,45863,1567,99.01124759828156
2,45865,1568,99.01556529435894
2,45867,1569,99.0198829904363
2,45869,1570,99.02420068651368
2,45871,1571,99.02851838259105
2,45873,1572,99.03283607866842
2,45875,1573,99.0371537747458
2,45877,1574,99.04147147082317
2,45879,1575,99.04578916690055
2,45881,1576,99.05010686297791
2,45883,1577,99.05442455905529
2,45885,1578,99.05874225513266
2,45887,1579,99.06305995121004
2,45889,1580,99.0673776472874
2,45891,1581,99.07169534336478
2,45893,1582,99.07601303944216
2,45895,1583,99.08033073551952
2,45897,1584,99.0846484315969
2,45899,1585,99.08896612767427
2,45901,1586,99.09328382375165
2,45903,1587,99.09760151982901
2,45905,1588,99.10191921590639
2,45907,1589,99.10623691198377
2,45909,1590,99.11055460806114
2,45911,1591,99.11487230413852
2,45913,1592,99.11919000021588
2,45915,1593,99.12350769629326
2,45917,1594,99.12782539237062
2,45919,1595,99.132143088448
2,45921,1596,99.13646078452538
2,45923,1597,99.14077848060275
2,45925,1598,99.14509617668013
2,45927,1599,99.14941387275749
2,45929,1600,99.15373156883487
2,45931,1601,99.15804926491224
2,45933,1602,99.16236696098962
2,45935,1603,99.16668465706698
2,45937,1604,99.17100235314436
2,45939,1605,99.17532004922174
2,45941,1606,99.1796377452991
2,45943,1607,99.18395544137648
2,45945,1608,99.18827313745385
2,45947,1609,99.19259083353123
2,45949,1610,99.19690852960859
2,45951,1611,99.20122622568599
2,45953,1612,99.20554392176335
2,45955,1613,99.20986161784072
2,45957,1614,99.2141793139181
2,45959,1615,99.21849700999546
2,45961,1616,99.22281470607284
2,45963,1617,99.2271324021502
2,45965,1618,99.23145009822758
2,45967,1619,99.23576779430496
2,45969,1620,99.24008549038234
2,45971,1621,99.2444031864597
2,45973,1622,99.24872088253707
2,45975,1623,99.25303857861445
2,45977,1624,99.25735627469182
2,45979,1625,99.2616739707692
2,45981,1626,99.26599166684657
2,45983,1627,99.27030936292395
2,45985,1628,99.27462705900132
2,45987,1629,99.2789447550787
2,45989,1630,99.28326245115606
2,45991,1631,99.28758014723343
2,45993,1632,99.2918978433108
2,45995,1633,99.29621553938817
2,45997,1634,99.30053323546556
2,45999,1635,99.30485093154293
2,46001,1636,99.30916862762031
2,46003,1637,99.31348632369767
2,46005,1638,99.31780401977505
2,46007,1639,99.32212171585242
2,46009,1640,99.32643941192978
2,46011,1641,99.33075710800718
2,46013,1642,99.33507480408454
2,46015,1643,99.33939250016192
2,46017,1644,99.34371019623929
2,46019,1645,99.34802789231667
2,46021,1646,99.35234558839403
2,46023,1647,99.35666328447141
2,46025,1648,99.36098098054877
2,46027,1649,99.36529867662615
2,46029,1650,99.36961637270353
2,46031,1651,99.3739340687809
2,46033,1652,99.37825176485828
2,46035,1653,99.38256946093564
2,46037,1654,99.38688715701302
2,46039,1655,99.39120485309039
2,46041,1656,99.39552254916777
2,46043,1657,99.39984024524514
2,46045,1658,99.40415794132251
2,46047,1659,99.40847563739989
2,46049,1660,99.41279333347725
2,46051,1661,99.41711102955463
2,46053,1662,99.421428725632
2,46055,1663,99.42574642170938
2,46057,1664,99.43006411778676
2,46059,1665,99.43438181386412
2,46061,1666,99.4386995099415
2,46063,1667,99.44301720601887
2,46065,1668,99.44733490209624
2,46067,1669,99.45165259817361
2,46069,1670,99.45597029425099
2,46071,1671,99.46028799032835
2,46073,1672,99.46460568640573
2,46075,1673,99.46892338248311
2,46077,1674,99.47324107856048
2,46079,1675,99.47755877463786
2,46081,1676,99.48187647071522
2,46083,1677,99.4861941667926
2,46085,1678,99.49051186286997
2,46087,1679,99.49482955894734
2,46089,1680,99.49914725502472
2,46091,1681,99.50346495110209
2,46093,1682,99.50778264717947
2,46095,1683,99.51210034325683
2,46097,1684,99.51641803933421
2,46099,1685,99.52073573541158
2,46101,1686,99.52505343148896
2,46103,1687,99.52937112756634
2,46105,1688,99.5336888236437
2,46107,1689,99.53800651972108
2,46109,1690,99.54232421579844
1,46110,1691,99.54448306383713
1,46111,1692,99.54664191187582
1,46112,1693,99.54880075991451
1,46113,1694,99.55095960795319
1,46114,1695,99.55311845599188
1,46115,1696,99.55527730403057
1,46116,1697,99.55743615206926
1,46117,1698,99.55959500010795
1,46118,1699,99.56175384814662
1,46119,1700,99.56391269618533
1,46120,1701,99.566071544224
1,46121,1702,99.56823039226269
1,46122,1703,99.57038924030137
1,46123,1704,99.57254808834006
1,46124,1705,99.57470693637875
1,46125,1706,99.57686578441744
1,46126,1707,99.57902463245613
1,46127,1708,99.5811834804948
1,46128,1709,99.58334232853349
1,46129,1710,99.58550117657218
1,46130,1711,99.58766002461087
1,46131,1712,99.58981887264954
1,46132,1713,99.59197772068823
1,46133,1714,99.59413656872694
1,46134,1715,99.59629541676561
1,46135,1716,99.5984542648043
1,46136,1717,99.60061311284298
1,46137,1718,99.60277196088168
1,46138,1719,99.60493080892036
1,46139,1720,99.60708965695905
1,46140,1721,99.60924850499774
1,46141,1722,99.61140735303641
1,46142,1723,99.61356620107512
1,46143,1724,99.61572504911379
1,46144,1725,99.61788389715248
1,46145,1726,99.62004274519116
1,46146,1727,99.62220159322985
1,46147,1728,99.62436044126855
1,46148,1729,99.62651928930723
1,46149,1730,99.62867813734591
1,46150,1731,99.63083698538459
1,46151,1732,99.6329958334233
1,46152,1733,99.63515468146197
1,46153,1734,99.63731352950066
1,46154,1735,99.63947237753933
1,46155,1736,99.64163122557804
1,46156,1737,99.64379007361673
1,46157,1738,99.6459489216554
1,46158,1739,99.64810776969409
1,46159,1740,99.65026661773277
1,46160,1741,99.65242546577147
1,46161,1742,99.65458431381015
1,46162,1743,99.65674316184884
1,46163,1744,99.65890200988753
1,46164,1745,99.6610608579262
1,46165,1746,99.6632197059649
1,46166,1747,99.66537855400358
1,46167,1748,99.66753740204227
1,46168,1749,99.66969625008095
1,46169,1750,99.67185509811965
1,46170,1751,99.67401394615834
1,46171,1752,99.67617279419702
1,46172,1753,99.6783316422357
1,46173,1754,99.6804904902744
1,46174,1755,99.68264933831308
1,46175,1756,99.68480818635176
1,46176,1757,99.68696703439045
1,46177,1758,99.68912588242912
1,46178,1759,99.69128473046783
1,46179,1760,99.69344357850652
1,46180,1761,99.6956024265452
1,46181,1762,99.69776127458388
1,46182,1763,99.69992012262256
1,46183,1764,99.70207897066126
1,46184,1765,99.70423781869994
1,46185,1766,99.70639666673863
1,46186,1767,99.70855551477732
1,46187,1768,99.710714362816
1,46188,1769,99.7128732108547
1,46189,1770,99.71503205889337
1,46190,1771,99.71719090693206
1,46191,1772,99.71934975497075
1,46192,1773,99.72150860300944
1,46193,1774,99.72366745104813
1,46194,1775,99.7258262990868
1,46195,1776,99.7279851471255
1,46196,1777,99.73014399516418
1,46197,1778,99.73230284320287
1,46198,1779,99.73446169124155
1,46199,1780,99.73662053928024
1,46200,1781,99.73877938731893
1,46201,1782,99.74093823535762
1,46202,1783,99.74309708339631
1,46203,1784,99.74525593143498
1,46204,1785,99.74741477947367
1,46205,1786,99.74957362751236
1,46206,1787,99.75173247555105
1,46207,1788,99.75389132358973
1,46208,1789,99.75605017162842
1,46209,1790,99.7582090196671
1,46210,1791,99.7603678677058
1,46211,1792,99.76252671574449
1,46212,1793,99.76468556378316
1,46213,1794,99.76684441182185
1,46214,1795,99.76900325986054
1,46215,1796,99.77116210789923
1,46216,1797,99.77332095593792
1,46217,1798,99.7754798039766
1,46218,1799,99.77763865201528
1,46219,1800,99.77979750005397
1,46220,1801,99.78195634809266
1,46221,1802,99.78411519613134
1,46222,1803,99.78627404417003
1,46223,1804,99.78843289220872
1,46224,1805,99.79059174024741
1,46225,1806,99.7927505882861
1,46226,1807,99.79490943632477
1,46227,1808,99.79706828436346
1,46228,1809,99.79922713240215
1,46229,1810,99.80138598044084
1,46230,1811,99.80354482847952
1,46231,1812,99.8057036765182
1,46232,1813,99.8078625245569
1,46233,1814,99.81002137259559
1,46234,1815,99.81218022063427
1,46235,1816,99.81433906867295
1,46236,1817,99.81649791671164
1,46237,1818,99.81865676475033
1,46238,1819,99.82081561278902
1,46239,1820,99.82297446082771
1,46240,1821,99.82513330886638
1,46241,1822,99.82729215690507
1,46242,1823,99.82945100494376
1,46243,1824,99.83160985298245
1,46244,1825,99.83376870102113
1,46245,1826,99.83592754905982
1,46246,1827,99.83808639709851
1,46247,1828,99.8402452451372
1,46248,1829,99.84240409317589
1,46249,1830,99.84456294121456
1,46250,1831,99.84672178925325
1,46251,1832,99.84888063729194
1,46252,1833,99.85103948533063
1,46253,1834,99.85319833336932
1,46254,1835,99.855357181408
1,46255,1836,99.85751602944669
1,46256,1837,99.85967487748538
1,46257,1838,99.86183372552406
1,46258,1839,99.86399257356274
1,46259,1840,99.86615142160143
1,46260,1841,99.86831026964012
1,46261,1842,99.87046911767881
1,46262,1843,99.8726279657175
1,46263,1844,99.87478681375617
1,46264,1845,99.87694566179486
1,46265,1846,99.87910450983355
1,46266,1847,99.88126335787224
1,46267,1848,99.88342220591092
1,46268,1849,99.88558105394961
1,46269,1850,99.8877399019883
1,46270,1851,99.88989875002699
1,46271,1852,99.89205759806568
1,46272,1853,99.89421644610435
1,46273,1854,99.89637529414304
1,46274,1855,99.89853414218173
1,46275,1856,99.90069299022042
1,46276,1857,99.90285183825911
1,46277,1858,99.90501068629779
1,46278,1859,99.90716953433648
1,46279,1860,99.90932838237516
1,46280,1861,99.91148723041385
1,46281,1862,99.91364607845253
1,46282,1863,99.91580492649122
1,46283,1864,99.91796377452991
1,46284,1865,99.9201226225686
1,46285,1866,99.92228147060729
1,46286,1867,99.92444031864596
1,46287,1868,99.92659916668465
1,46288,1869,99.92875801472334
1,46289,1870,99.93091686276203
1,46290,1871,99.93307571080071
1,46291,1872,99.9352345588394
1,46292,1873,99.9373934068781
1,46293,1874,99.93955225491678
1,46294,1875,99.94171110295547
1,46295,1876,99.94386995099414
1,46296,1877,99.94602879903283
1,46297,1878,99.94818764707152
1,46298,1879,99.95034649511021
1,46299,1880,99.9525053431489
1,46300,1881,99.95466419118758
1,46301,1882,99.95682303922628
1,46302,1883,99.95898188726495
1,46303,1884,99.96114073530364
1,46304,1885,99.96329958334232
1,46305,1886,99.96545843138101
1,46306,1887,99.96761727941971
1,46307,1888,99.96977612745839
1,46308,1889,99.97193497549708
1,46309,1890,99.97409382353575
1,46310,1891,99.97625267157446
1,46311,1892,99.97841151961313
1,46312,1893,99.98057036765182
1,46313,1894,99.9827292156905
1,46314,1895,99.98488806372919
1,46315,1896,99.98704691176789
1,46316,1897,99.98920575980657
1,46317,1898,99.99136460784526
1,46318,1899,99.99352345588393
1,46319,1900,99.99568230392264
1,46320,1901,99.99784115196131
1,46321,1902,100.0
